%YAML:1.0
---
model_type: PINHOLE
camera_name: camera
image_width: 640
image_height: 480
distortion_parameters:
   k1: 0
   k2: 0
   p1: 0
   p2: 0
projection_parameters:
   fx: 385.7160949707031
   fy: 385.7160949707031
   cx: 324.4721984863281
   cy: 239.64151000976562
